[t,re78,education,re74,re75]

ans =

    1.0000    9.9300   11.0000         0         0
    1.0000    3.5959    9.0000         0         0
    1.0000   24.9095   12.0000         0         0
    1.0000    7.5061   11.0000         0         0
    1.0000    0.2898    8.0000         0         0
    1.0000    4.0565    9.0000         0         0
    1.0000         0   12.0000         0         0
    1.0000    8.4722   11.0000         0         0
    1.0000    2.1640   16.0000         0         0
    1.0000   12.4181   12.0000         0         0
    1.0000    8.1739    9.0000         0         0
    1.0000   17.0946   13.0000         0         0
    1.0000         0    8.0000         0         0
    1.0000   18.7399   10.0000         0         0
    1.0000    3.0239    7.0000         0         0
    1.0000    3.2285   10.0000         0         0
    1.0000   14.5819   13.0000         0         0
    1.0000    7.6934   10.0000         0         0
    1.0000   10.8043   12.0000         0         0
    1.0000   10.7474   12.0000         0         0
    1.0000         0   11.0000         0         0
    1.0000    5.1495   14.0000         0         0
    1.0000    6.4089    9.0000         0         0
    1.0000    1.9914   11.0000         0         0
    1.0000   11.1632   10.0000         0         0
    1.0000    9.6430   11.0000         0         0
    1.0000    9.8970   11.0000         0         0
    1.0000   11.1429   10.0000         0         0
    1.0000   16.2180   10.0000         0         0
    1.0000    0.9957   11.0000         0         0
    1.0000         0   10.0000         0         0
    1.0000    6.5516    4.0000         0         0
    1.0000    1.5744   11.0000         0         0
    1.0000         0   12.0000         0         0
    1.0000    3.1918   12.0000         0         0
    1.0000   20.5059   14.0000         0         0
    1.0000    6.1819    5.0000         0         0
    1.0000    5.9116   12.0000         0         0
    1.0000    3.0942    8.0000         0         0
    1.0000         0   10.0000         0         0
    1.0000    1.2546   12.0000         0         0
    1.0000   13.1888    9.0000         0         0
    1.0000    8.0615    8.0000         0         0
    1.0000    2.7880    8.0000         0         0
    1.0000    3.9725   11.0000         0         0
    1.0000         0   11.0000         0         0
    1.0000         0    8.0000         0         0
    1.0000         0    9.0000         0         0
    1.0000   12.1874    5.0000         0         0
    1.0000    4.8432   12.0000         0         0
    1.0000         0    8.0000         0         0
    1.0000    8.0875   11.0000         0         0
    1.0000         0   11.0000         0         0
    1.0000    2.3490   12.0000         0         0
    1.0000    0.5908   11.0000         0         0
    1.0000         0   10.0000         0         0
    1.0000    1.0675    9.0000         0         0
    1.0000    7.2850    4.0000         0         0
    1.0000   13.1675   14.0000         0         0
    1.0000    1.0484   11.0000         0         0
    1.0000         0    8.0000         0         0
    1.0000    1.9239    8.0000         0         0
    1.0000    4.6662   10.0000         0         0
    1.0000    0.5493   11.0000         0         0
    1.0000    0.7629    4.0000         0         0
    1.0000   10.6943    9.0000         0         0
    1.0000         0   11.0000         0         0
    1.0000         0    7.0000         0         0
    1.0000    8.5467    5.0000         0         0
    1.0000    7.4797   13.0000         0         0
    1.0000         0    9.0000         0         0
    1.0000    0.6472   13.0000         0         0
    1.0000         0    6.0000         0         0
    1.0000   11.9658   12.0000         0         0
    1.0000    9.5985   15.0000         0         0
    1.0000   18.7833   11.0000         0         0
    1.0000   18.6781   12.0000         0         0
    1.0000         0    9.0000         0         0
    1.0000   23.0056   11.0000         0         0
    1.0000    6.4567   11.0000         0         0
    1.0000         0   12.0000         0         0
    1.0000    2.3211   12.0000         0         0
    1.0000    4.9418   12.0000         0         0
    1.0000         0   13.0000         0         0
    1.0000         0    8.0000         0         0
    1.0000         0   11.0000         0         0
    1.0000    3.8813    8.0000         0         0
    1.0000   17.2310   11.0000         0         0
    1.0000    8.0486   12.0000         0         0
    1.0000         0    8.0000         0         0
    1.0000   14.5099   11.0000         0         0
    1.0000         0   10.0000         0         0
    1.0000         0   11.0000         0         0
    1.0000    9.9838   12.0000         0         0
    1.0000         0   11.0000         0         0
    1.0000    5.5875   12.0000         0         0
    1.0000    4.4828    9.0000         0         0
    1.0000    2.4562   12.0000         0         0
    1.0000         0   10.0000         0         0
    1.0000   26.8176    9.0000         0         0
    1.0000         0   10.0000         0         0
    1.0000    9.2658   10.0000         0         0
    1.0000    0.4852   11.0000         0         0
    1.0000    4.8146   11.0000         0         0
    1.0000    7.4581   11.0000         0         0
    1.0000         0    9.0000         0         0
    1.0000   34.0993   13.0000         0         0
    1.0000    1.9533    9.0000         0         0
    1.0000         0   11.0000         0         0
    1.0000         0   10.0000    2.0280         0
    1.0000    8.8817    9.0000    6.0840         0
    1.0000    6.2107    9.0000    0.4452    0.0743
    1.0000         0   12.0000    0.9893    0.1652
    1.0000    0.9299   11.0000    0.8583    0.2146
    1.0000         0   12.0000    3.6709    0.3340
    1.0000   12.5580   12.0000    3.6709    0.3340
    1.0000   22.1633   12.0000    2.1434    0.3579
    1.0000    1.6526   12.0000         0    0.3776
    1.0000    8.1247   10.0000         0    0.3853
    1.0000    0.6713   12.0000    5.5063    0.5011
    1.0000   17.8150   14.0000         0    0.6797
    1.0000    9.7372   10.0000         0    0.7989
    1.0000   17.6852    9.0000         0    0.7989
    1.0000         0   13.0000    9.3816    0.8537
    1.0000    4.3217   11.0000    3.6782    0.9196
    1.0000    1.7734    9.0000         0    0.9344
    1.0000         0   12.0000    5.6059    0.9362
    1.0000   11.2333   10.0000         0    0.9364
    1.0000    0.5594   12.0000    9.3857    1.1174
    1.0000    1.0854   11.0000    3.6375    1.2208
    1.0000    5.4452    9.0000    1.7165    1.2534
    1.0000   60.3079   11.0000         0    1.2841
    1.0000    1.4604   11.0000         0    1.3929
    1.0000    6.9433   11.0000   16.3186    1.4850
    1.0000    4.0327   11.0000    0.8244    1.6661
    1.0000   10.3633    9.0000         0    1.6986
    1.0000    4.2323    8.0000         0    1.7132
    1.0000   11.1414   10.0000    2.1434    1.7843
    1.0000         0   12.0000   10.8819    1.8173
    1.0000   13.3859   11.0000         0    2.2263
    1.0000    4.8496    9.0000    9.1547    2.2887
    1.0000         0   12.0000   14.4268    2.4093
    1.0000    1.6605   10.0000    4.2504    2.4219
    1.0000         0    8.0000    3.1657    2.5947
    1.0000    2.4845   12.0000         0    2.6112
    1.0000    4.1466   11.0000    2.3050    2.6153
    1.0000    9.9707    8.0000         0    2.6571
    1.0000         0   11.0000    2.2069    2.6663
    1.0000   26.3723   11.0000         0    2.7546
    1.0000    5.6152   10.0000    5.0057    2.7774
    1.0000    3.1966   10.0000         0    2.8365
    1.0000    6.1677   12.0000   13.7658    2.8428
    1.0000    7.5359    8.0000    2.6364    2.9373
